	lu_code	description	cn_1	cn_2	cn_3	cn_4	cn_5	cn_6	cn_7	max_net_infil_1	max_net_infil_2	max_net_infil_3	max_net_infil_4	max_net_infil_5	max_net_infil_6	max_net_infil_7	growing_season_interception_a	growing_season_interception_b	growing_season_interception_n	nongrowing_season_interception_a	nongrowing_season_interception_b	nongrowing_season_interception_n	rz_1	rz_2	rz_3	rz_4	rz_5	rz_6	rz_7
0	1	Corn	67.0	79.474	86.437	89.176	67.0	79.474	86.437	5.0	0.75	0.3	0.15	5.0	0.75	0.3	0.0800000000000000016653345369377348	0	1	0.0	0	1	1.5	1.875	1.5	0.999	1.5	1.875	1.5
1	2	Cotton	71	80	87	90	71	80	87	4	0.6	0.24	0.12	4	0.6	0.24	0.08	0	1	0.0	0	1	1.5	1.875	1.5	0.9975	1.5	1.875	1.5
2	3	Rice	71	80	87	90	71	80	87	4	0.6	0.24	0.12	4	0.6	0.24	0.08	0	1	0.0	0	1	1.5	1.875	1.5	0.9975	1.5	1.875	1.5
3	4	Sorghum	72	81	88	91	72	81	88	4	0.6	0.24	0.12	4	0.6	0.24	0.08	0	1	0.0	0	1	1.5	1.875	1.5	0.9975	1.5	1.875	1.5
4	5	Soybeans	67.0	79.474	86.437	89.176	67.0	79.474	86.437	5.0	0.75	0.3	0.15	5.0	0.75	0.3	0.08000000000000000166533453693773481	0	1	0.0	0	1	1.5	1.875	1.5	0.999	1.5	1.875	1.5
5	6	Sunflower	67	78	85	91	67	78	85	4	0.6	0.24	0.12	4	0.6	0.24	0.08	0	1	0.0	0	1	1.5	1.875	1.5	0.9975	1.5	1.875	1.5
6	10	Peanuts	67	78	85	91	67	78	85	4	0.6	0.24	0.12	4	0.6	0.24	0.08	0	1	0.0	0	1	1.5	1.875	1.5	0.9975	1.5	1.875	1.5
7	11	Tobacco	67	78	85	91	67	78	85	4	0.6	0.24	0.12	4	0.6	0.24	0.08	0	1	0.0	0	1	1.5	1.875	1.5	0.9975	1.5	1.875	1.5
8	12	Sweet Corn	67	78	85	89	67	78	85	4	0.6	0.24	0.12	4	0.6	0.24	0.08	0	1	0.0	0	1	1.5	1.875	1.5	0.9975	1.5	1.875	1.5
9	13	Pop or Orn Corn	67	78	85	89	67	78	85	4	0.6	0.24	0.12	4	0.6	0.24	0.08	0	1	0.0	0	1	1.5	1.875	1.5	0.9975	1.5	1.875	1.5
10	14	Mint	67	78	85	91	67	78	85	4	0.6	0.24	0.12	4	0.6	0.24	0.08	0	1	0.0	0	1	1.5	1.875	1.5	0.9975	1.5	1.875	1.5
11	21	Barley	65.0	78.23	85.615	88.52	65.0	78.23	85.615	5.0	0.75	0.3	0.15	5.0	0.75	0.3	0.08000000000000000166533453693773481	0	1	0.0	0	1	1.5	1.875	1.5	0.999	1.5	1.875	1.5
12	22	Durham Wheat	65.0	78.23	85.615	88.52	65.0	78.23	85.615	5.0	0.75	0.3	0.15	5.0	0.75	0.3	0.08000000000000000166533453693773481	0	1	0.0	0	1	1.5	1.875	1.5	0.999	1.5	1.875	1.5
13	23	Spring Wheat	65.0	78.23	85.615	88.52	65.0	78.23	85.615	5.0	0.75	0.3	0.15	5.0	0.75	0.3	0.08000000000000000166533453693773481	0	1	0.0	0	1	1.5	1.875	1.5	0.999	1.5	1.875	1.5
14	24	Winter Wheat	65.0	78.23	85.615	88.52	65.0	78.23	85.615	5.0	0.75	0.3	0.15	5.0	0.75	0.3	0.08000000000000000166533453693773481	0	1	0.0	0	1	1.5	1.875	1.5	0.999	1.5	1.875	1.5
15	25	Other Small Grains	65.0	78.23	85.615	88.52	65.0	78.23	85.615	5.0	0.75	0.3	0.15	5.0	0.75	0.3	0.08000000000000000166533453693773481	0	1	0.0	0	1	1.5	1.875	1.5	0.999	1.5	1.875	1.5
16	26	Dbl Crop WinWht/Soybeans	65.0	78.23	85.615	88.52	65.0	78.23	85.615	5.0	0.75	0.3	0.15	5.0	0.75	0.3	0.08000000000000000166533453693773481	0	1	0.0	0	1	1.5	1.875	1.5	0.999	1.5	1.875	1.5
17	27	Rye	65.0	78.23	85.615	88.52	65.0	78.23	85.615	5.0	0.75	0.3	0.15	5.0	0.75	0.3	0.08000000000000000166533453693773481	0	1	0.0	0	1	1.5	1.875	1.5	0.999	1.5	1.875	1.5
18	28	Oats	65.0	78.23	85.615	88.52	65.0	78.23	85.615	5.0	0.75	0.3	0.15	5.0	0.75	0.3	0.08000000000000000166533453693773481	0	1	0.0	0	1	1.5	1.875	1.5	0.999	1.5	1.875	1.5
19	29	Millet	65.0	78.23	85.615	88.52	65.0	78.23	85.615	5.0	0.75	0.3	0.15	5.0	0.75	0.3	0.08000000000000000166533453693773481	0	1	0.0	0	1	1.5	1.875	1.5	0.999	1.5	1.875	1.5
20	30	Spelt	65.0	78.23	85.615	88.52	65.0	78.23	85.615	5.0	0.75	0.3	0.15	5.0	0.75	0.3	0.08000000000000000166533453693773481	0	1	0.0	0	1	1.5	1.875	1.5	0.999	1.5	1.875	1.5
21	31	Canola	65.0	78.23	85.615	88.52	65.0	78.23	85.615	5.0	0.75	0.3	0.15	5.0	0.75	0.3	0.08000000000000000166533453693773481	0	1	0.0	0	1	1.5	1.875	1.5	0.999	1.5	1.875	1.5
22	32	Flaxseed	65.0	78.23	85.615	88.52	65.0	78.23	85.615	5.0	0.75	0.3	0.15	5.0	0.75	0.3	0.08000000000000000166533453693773481	0	1	0.0	0	1	1.5	1.875	1.5	0.999	1.5	1.875	1.5
23	33	Safflower	65.0	78.23	85.615	88.52	65.0	78.23	85.615	5.0	0.75	0.3	0.15	5.0	0.75	0.3	0.08000000000000000166533453693773481	0	1	0.0	0	1	1.5	1.875	1.5	0.999	1.5	1.875	1.5
24	34	Rape Seed	65.0	78.23	85.615	88.52	65.0	78.23	85.615	5.0	0.75	0.3	0.15	5.0	0.75	0.3	0.08000000000000000166533453693773481	0	1	0.0	0	1	1.5	1.875	1.5	0.999	1.5	1.875	1.5
25	35	Mustard	65.0	78.23	85.615	88.52	65.0	78.23	85.615	5.0	0.75	0.3	0.15	5.0	0.75	0.3	0.08000000000000000166533453693773481	0	1	0.0	0	1	1.5	1.875	1.5	0.999	1.5	1.875	1.5
26	36	Alfalfa	64.0	77.608	85.204	88.192	64.0	77.608	85.204	5.0	0.75	0.3	0.15	5.0	0.75	0.3	0.080000000000000001665334536937734811	0	1	0.0	0	1	1.5	1.875	1.5	0.9975	1.5	1.875	1.5
27	37	Other Hay/Non Alfalfa	64	75	82	85	64	75	82	4	0.6	0.24	0.12	4	0.6	0.24	0.08	0	1	0.0	0	1	1.5	1.875	1.5	0.9975	1.5	1.875	1.5
28	38	Camelina	65.0	78.23	85.615	88.52	65.0	78.23	85.615	5.0	0.75	0.3	0.15	5.0	0.75	0.3	0.08000000000000000166533453693773481	0	1	0.0	0	1	1.5	1.875	1.5	0.999	1.5	1.875	1.5
29	39	Buckwheat	65.0	78.23	85.615	88.52	65.0	78.23	85.615	5.0	0.75	0.3	0.15	5.0	0.75	0.3	0.08000000000000000166533453693773481	0	1	0.0	0	1	1.5	1.875	1.5	0.999	1.5	1.875	1.5
30	41	Sugarbeets	67	78	85	91	67	78	85	4	0.6	0.24	0.12	4	0.6	0.24	0.08	0	1	0.0	0	1	1.5	1.875	1.5	0.9975	1.5	1.875	1.5
31	42	Snap beans	67	78	85	91	67	78	85	4	0.6	0.24	0.12	4	0.6	0.24	0.08	0	1	0.0	0	1	1.5	1.875	1.5	0.9975	1.5	1.875	1.5
32	43	Potatoes	67	78	85	91	67	78	85	4	0.6	0.24	0.12	4	0.6	0.24	0.08	0	1	0.0	0	1	1.5	1.875	1.5	0.9975	1.5	1.875	1.5
33	44	Other Crops	67	78	85	89	67	78	85	4	0.6	0.24	0.12	4	0.6	0.24	0.08	0	1	0.0	0	1	1.5	1.875	1.5	0.9975	1.5	1.875	1.5
34	45	Sugarcane	67	78	85	91	67	78	85	4	0.6	0.24	0.12	4	0.6	0.24	0.08	0	1	0.0	0	1	1.5	1.875	1.5	0.9975	1.5	1.875	1.5
35	46	Sweet Potatoes	67	78	85	91	67	78	85	4	0.6	0.24	0.12	4	0.6	0.24	0.08	0	1	0.0	0	1	1.5	1.875	1.5	0.9975	1.5	1.875	1.5
36	47	Misc Vegs and Fruits	67	78	85	89	67	78	85	4	0.6	0.24	0.12	4	0.6	0.24	0.08	0	1	0.0	0	1	1	1.25	1	0.665	1	1.25	1
37	48	Watermelons	67	78	85	89	67	78	85	4	0.6	0.24	0.12	4	0.6	0.24	0.08	0	1	0.0	0	1	1	1.25	1	0.665	1	1.25	1
38	49	Onions	67	78	85	89	67	78	85	4	0.6	0.24	0.12	4	0.6	0.24	0.08	0	1	0.0	0	1	1	1.25	1	0.665	1	1.25	1
39	50	Cucumbers	67	78	85	89	67	78	85	4	0.6	0.24	0.12	4	0.6	0.24	0.08	0	1	0.0	0	1	1	1.25	1	0.665	1	1.25	1
40	51	Chick Peas	67	78	85	91	67	78	85	4	0.6	0.24	0.12	4	0.6	0.24	0.08	0	1	0.0	0	1	1	1.25	1	0.665	1	1.25	1
41	52	Lentils	67	78	85	91	67	78	85	4	0.6	0.24	0.12	4	0.6	0.24	0.08	0	1	0.0	0	1	1.5	1.875	1.5	0.9975	1.5	1.875	1.5
42	53	Peas	67	78	85	91	67	78	85	4	0.6	0.24	0.12	4	0.6	0.24	0.08	0	1	0.0	0	1	1	1.25	1	0.665	1	1.25	1
43	54	Tomatoes	67	78	85	89	67	78	85	4	0.6	0.24	0.12	4	0.6	0.24	0.08	0	1	0.0	0	1	1.5	1.875	1.5	0.9975	1.5	1.875	1.5
44	55	Caneberries	67	78	85	91	67	78	85	4	0.6	0.24	0.12	4	0.6	0.24	0.08	0	1	0.0	0	1	1.5	1.875	1.5	0.9975	1.5	1.875	1.5
45	56	Hops	67	78	85	91	67	78	85	4	0.6	0.24	0.12	4	0.6	0.24	0.08	0	1	0.0	0	1	1.5	1.875	1.5	0.9975	1.5	1.875	1.5
46	57	Herbs	67	78	85	91	67	78	85	4	0.6	0.24	0.12	4	0.6	0.24	0.08	0	1	0.0	0	1	1	1.25	1	0.665	1	1.25	1
47	58	Clover/Wildflowers	49	69	79	84	49	69	79	4	0.6	0.24	0.12	4	0.6	0.24	0.08	0	1	0.0	0	1	1.5	1.875	1.5	0.9975	1.5	1.875	1.5
48	59	Sod/Grass Seed	39	61	74	80	39	61	74	4	0.6	0.24	0.12	4	0.6	0.24	0.08	0	1	0.03	0	1	1.4	1.75	1.4	0.9309999999999999	1.4	1.75	1.4
49	60	Switchgrass	49	69	79	84	49	69	79	4	0.6	0.24	0.12	4	0.6	0.24	0.08	0	1	0.0	0	1	1.4	1.75	1.4	0.9309999999999999	1.4	1.75	1.4
50	61	Fallow / Idle	76	85	90	93	93	93	93	4	0.6	0.24	0.12	4	0.6	0.24	0.08	0	1	0.0	0	1	1.4	1.75	1.4	0.9309999999999999	1.4	1.75	1.4
51	66	Cherries	45	66	77	83	45	66	77	4	0.6	0.24	0.12	4	0.6	0.24	0.12	0	1	0.025	0	1	3	3.75	3	1.995	3	3.75	3
52	67	Peaches	45	66	77	83	45	66	77	4	0.6	0.24	0.12	4	0.6	0.24	0.12	0	1	0.025	0	1	3	3.75	3	1.995	3	3.75	3
53	68	Apples	45	66	77	83	45	66	77	4	0.6	0.24	0.12	4	0.6	0.24	0.12	0	1	0.025	0	1	3	3.75	3	1.995	3	3.75	3
54	69	Grapes	58	69	77	80	58	69	77	4	0.6	0.24	0.12	4	0.6	0.24	0.12	0	1	0.025	0	1	3	3.75	3	1.995	3	3.75	3
55	70	Christmas Trees	45	66	77	83	45	66	77	4	0.6	0.24	0.12	4	0.6	0.24	0.12	0	1	0.025	0	1	3	3.75	3	1.995	3	3.75	3
56	71	Other Tree Crops	45	66	77	83	45	66	77	4	0.6	0.24	0.12	4	0.6	0.24	0.12	0	1	0.025	0	1	3	3.75	3	1.995	3	3.75	3
57	72	Citrus	45	66	77	83	45	66	77	4	0.6	0.24	0.12	4	0.6	0.24	0.12	0	1	0.025	0	1	3	3.75	3	1.995	3	3.75	3
58	74	Pecans	45	66	77	83	45	66	77	4	0.6	0.24	0.12	4	0.6	0.24	0.12	0	1	0.025	0	1	3	3.75	3	1.995	3	3.75	3
59	75	Almonds	45	66	77	83	45	66	77	4	0.6	0.24	0.12	4	0.6	0.24	0.12	0	1	0.025	0	1	3	3.75	3	1.995	3	3.75	3
60	76	Walnuts	36	60	73	79	36	60	73	4	0.6	0.24	0.12	4	0.6	0.24	0.12	0	1	0.025	0	1	3	3.75	3	1.995	3	3.75	3
61	77	Pears	45	66	77	83	45	66	77	4	0.6	0.24	0.12	4	0.6	0.24	0.12	0	1	0.025	0	1	3	3.75	3	1.995	3	3.75	3
62	87	wetland	30	48	65	73	73	73	73	4	0.6	0.24	0.12	4	0.6	0.24	0.08	0	1	0.0	0	1	1.96848	2.4606	1.96848	1.3090392000000002	1.96848	2.4606	1.96848
63	92	Aquaculture	98	98	98	98	98	98	98	4	0.6	0.24	0.12	4	0.6	0.24	0	0	1	0.0	0	1	2.5	3.125	2.5	1.6625	2.5	3.125	2.5
64	111	OPEN WATER	98	98	98	98	98	98	98	0	0	0	0	0	0	0	0	0	1	0.0	0	1	0	0	0	0	0	0	0
65	121	Developed, Open Space	39	61	74	80	80	80	80	1	0.5	0.24	0.12	1	0.5	0.24	0.12	0	1	0.025	0	1	2.5	3.125	2.5	1.6625	2.5	3.125	2.5
66	122	Developed, Low Intensity	46	65	77	82	82	82	82	1	0.5	0.24	0.12	1	0.5	0.24	0.12	0	1	0.025	0	1	1.5	1.875	1.5	0.9975	1.5	1.875	1.5
67	123	Developed, Medium Intensity	54	70	80	85	85	85	85	1	0.5	0.24	0.12	1	0.5	0.24	0.12	0	1	0.025	0	1	1.5	1.875	1.5	0.9975	1.5	1.875	1.5
68	124	Developed, High Intensity	81	88	91	93	93	93	93	1	0.5	0.24	0.12	1	0.5	0.24	0.12	0	1	0.025	0	1	1.5	1.875	1.5	0.9975	1.5	1.875	1.5
69	131	Barren Land	77	86	91	94	94	94	94	4	0.6	0.24	0.12	4	0.6	0.24	0	0	1	0.0	0	1	1.5	1.875	1.5	0.9975	1.5	1.875	1.5
70	141	deciduous forest	40.0	62.68	75.34	80.32	80.32	80.32	80.32	5.0	0.75	0.3	0.15	5.0	0.75	0.3	0.1199999999999999955591079014993738383	0	1	0.025	0	1	3.5	4.375	3.5	2.331	2.331	2.331	2.331
71	142	Evergreen forest	40.0	62.68	75.34	80.32	80.32	80.32	80.32	5.0	0.75	0.3	0.15	5.0	0.75	0.3	0.200000000000000011102230246251565404	0	1	0.1	0	1	3.5	4.375	3.5	2.331	2.331	2.331	2.331
72	143	Mixed forest	40.0	62.68	75.34	80.32	80.32	80.32	80.32	5.0	0.75	0.3	0.15	5.0	0.75	0.3	0.1199999999999999955591079014993738383	0	1	0.025	0	1	4.0	5.0	4.0	2.664	2.664	2.664	2.664
73	151	Dwarf Scrub	35	56	70	77	77	77	77	4	0.6	0.24	0.12	4	0.6	0.24	0.08	0	1	0.025	0	1	2	2.5	2	1.33	2	2.5	2
74	152	Shrub/Scrub	35	56	70	77	77	77	77	4	0.6	0.24	0.12	4	0.6	0.24	0.08	0	1	0.025	0	1	2	2.5	2	1.33	2	2.5	2
75	171	Grassland/Herbaceous (arid)	30	58	71	78	78	78	78	4	0.6	0.24	0.12	4	0.6	0.24	0.08	0	1	0.03	0	1	2	2.5	2	1.33	2	2.5	2
76	176	Grass/Pasture	30.0	56.46	71.23	77.04	77.04	77.04	77.04	4.5	0.675	0.27	0.135	4.5	0.675	0.27	0.0800000000000000016653345369377348106	0	1	0.03	0	1	2.5	3.125	2.5	1.665	1.665	1.665	1.665
77	181	Pasture/Hay (fair)	30	58	71	78	30	58	71	4	0.6	0.24	0.12	4	0.6	0.24	0.08	0	1	0.03	0	1	2	2.5	2	1.33	2	2.5	2
78	182	Cultivated Crops (SR+CR poor)	30	58	71	78	30	58	71	4	0.6	0.24	0.12	4	0.6	0.24	0.08	0	1	0.0	0	1	1.5	1.875	1.5	0.9975	1.5	1.875	1.5
79	190	Woody wetlands	55.0	72.01	81.505	85.24	85.24	85.24	85.24	3.0	0.45	0.18	0.09	3.0	0.45	0.18	0.119999999999999995559107901499373838	0	1	0.025	0	1	3.0	3.75	3.0	1.998	1.998	1.998	1.998
80	195	Emergent Herbaceous wetlands	55.0	72.01	81.505	85.24	85.24	85.24	85.24	2.5	0.375	0.15	0.075	2.5	0.375	0.15	0.080000000000000001665334536937734811	0	1	0.0	0	1	2.0	2.5	2.0	1.332	1.332	1.332	1.332
81	204	Pistachios	36	60	73	79	36	60	73	4	0.6	0.24	0.12	4	0.6	0.24	0.08	0	1	0.0	0	1	3	3.75	3	1.995	3	3.75	3
82	205	Triticale	67	78	85	89	67	78	85	4	0.6	0.24	0.12	4	0.6	0.24	0.08	0	1	0.0	0	1	1.5	1.875	1.5	0.9975	1.5	1.875	1.5
83	206	Carrots	67	78	85	89	67	78	85	4	0.6	0.24	0.12	4	0.6	0.24	0.08	0	1	0.0	0	1	1	1.25	1	0.665	1	1.25	1
84	207	Asparagus	67	78	85	89	67	78	85	4	0.6	0.24	0.12	4	0.6	0.24	0.08	0	1	0.0	0	1	1	1.25	1	0.665	1	1.25	1
85	208	Garlic	67	78	85	89	67	78	85	4	0.6	0.24	0.12	4	0.6	0.24	0.08	0	1	0.0	0	1	1	1.25	1	0.665	1	1.25	1
86	209	Cantaloupes	67	78	85	89	67	78	85	4	0.6	0.24	0.12	4	0.6	0.24	0.08	0	1	0.0	0	1	1	1.25	1	0.665	1	1.25	1
87	210	Prunes	67	78	85	89	67	78	85	4	0.6	0.24	0.12	4	0.6	0.24	0.08	0	1	0.0	0	1	1	1.25	1	0.665	1	1.25	1
88	211	Olives	67	78	85	89	67	78	85	4	0.6	0.24	0.12	4	0.6	0.24	0.08	0	1	0.0	0	1	3	3.75	3	1.995	3	3.75	3
89	212	Oranges	67	78	85	89	67	78	85	4	0.6	0.24	0.12	4	0.6	0.24	0.08	0	1	0.0	0	1	3	3.75	3	1.995	3	3.75	3
90	213	Honeydew Melons	67	78	85	89	67	78	85	4	0.6	0.24	0.12	4	0.6	0.24	0.08	0	1	0.0	0	1	1	1.25	1	0.665	1	1.25	1
91	214	Broccoli	67	78	85	89	67	78	85	4	0.6	0.24	0.12	4	0.6	0.24	0.08	0	1	0.0	0	1	1	1.25	1	0.665	1	1.25	1
92	216	Peppers	67	78	85	89	67	78	85	4	0.6	0.24	0.12	4	0.6	0.24	0.08	0	1	0.0	0	1	1	1.25	1	0.665	1	1.25	1
93	217	Pomegranates	67	78	85	89	67	78	85	4	0.6	0.24	0.12	4	0.6	0.24	0.08	0	1	0.0	0	1	3	3.75	3	1.995	3	3.75	3
94	218	Nectarines	67	78	85	89	67	78	85	4	0.6	0.24	0.12	4	0.6	0.24	0.08	0	1	0.0	0	1	3	3.75	3	1.995	3	3.75	3
95	219	Greens	67	78	85	89	67	78	85	4	0.6	0.24	0.12	4	0.6	0.24	0.08	0	1	0.0	0	1	1	1.25	1	0.665	1	1.25	1
96	220	Plums	67	78	85	89	67	78	85	4	0.6	0.24	0.12	4	0.6	0.24	0.08	0	1	0.0	0	1	3	3.75	3	1.995	3	3.75	3
97	221	Strawberries	67	78	85	89	67	78	85	4	0.6	0.24	0.12	4	0.6	0.24	0.08	0	1	0.0	0	1	1	1.25	1	0.665	1	1.25	1
98	222	Squash	67	78	85	89	67	78	85	4	0.6	0.24	0.12	4	0.6	0.24	0.08	0	1	0.0	0	1	1	1.25	1	0.665	1	1.25	1
99	223	Apricots	67	78	85	89	67	78	85	4	0.6	0.24	0.12	4	0.6	0.24	0.08	0	1	0.0	0	1	3	3.75	3	1.995	3	3.75	3
100	224	Vetch	67	78	85	89	67	78	85	4	0.6	0.24	0.12	4	0.6	0.24	0.08	0	1	0.0	0	1	1	1.25	1	0.665	1	1.25	1
101	225	Dbl Crop WinWht/Corn	67	78	85	89	67	78	85	4	0.6	0.24	0.12	4	0.6	0.24	0.08	0	1	0.0	0	1	1	1.25	1	0.665	1	1.25	1
102	226	Dbl Crop Oats/Corn	67	78	85	89	67	78	85	4	0.6	0.24	0.12	4	0.6	0.24	0.08	0	1	0.0	0	1	1	1.25	1	0.665	1	1.25	1
103	227	Lettuce	67	78	85	89	67	78	85	4	0.6	0.24	0.12	4	0.6	0.24	0.08	0	1	0.0	0	1	1	1.25	1	0.665	1	1.25	1
104	229	Pumpkins	67	78	85	89	67	78	85	4	0.6	0.24	0.12	4	0.6	0.24	0.08	0	1	0.0	0	1	1	1.25	1	0.665	1	1.25	1
105	230	Dbl Crop Lettuce/Durum Wht	67	78	85	89	67	78	85	4	0.6	0.24	0.12	4	0.6	0.24	0.08	0	1	0.0	0	1	1	1.25	1	0.665	1	1.25	1
106	231	Dbl Crop Lettuce/Cantaloupe	67	78	85	89	67	78	85	4	0.6	0.24	0.12	4	0.6	0.24	0.08	0	1	0.0	0	1	1	1.25	1	0.665	1	1.25	1
107	232	Dbl Crop Lettuce/Cotton	67	78	85	89	67	78	85	4	0.6	0.24	0.12	4	0.6	0.24	0.08	0	1	0.0	0	1	1	1.25	1	0.665	1	1.25	1
108	233	Dbl Crop Lettuce/Barley	67	78	85	89	67	78	85	4	0.6	0.24	0.12	4	0.6	0.24	0.08	0	1	0.0	0	1	1	1.25	1	0.665	1	1.25	1
109	234	Dbl Crop Durum Wht/Sorghum	67	78	85	89	67	78	85	4	0.6	0.24	0.12	4	0.6	0.24	0.08	0	1	0.0	0	1	1	1.25	1	0.665	1	1.25	1
110	235	Dbl Crop Barley/Sorghum	67	78	85	89	67	78	85	4	0.6	0.24	0.12	4	0.6	0.24	0.08	0	1	0.0	0	1	1	1.25	1	0.665	1	1.25	1
111	236	Dbl Crop WinWht/Sorghum	67	78	85	89	67	78	85	4	0.6	0.24	0.12	4	0.6	0.24	0.08	0	1	0.0	0	1	1	1.25	1	0.665	1	1.25	1
112	237	Dbl Crop Barley/Corn	67	78	85	89	67	78	85	4	0.6	0.24	0.12	4	0.6	0.24	0.08	0	1	0.0	0	1	1	1.25	1	0.665	1	1.25	1
113	238	Dbl Crop WinWht/Cotton	67	78	85	89	67	78	85	4	0.6	0.24	0.12	4	0.6	0.24	0.08	0	1	0.0	0	1	1	1.25	1	0.665	1	1.25	1
114	239	Dbl Crop Soybeans/Cotton	67	78	85	89	67	78	85	4	0.6	0.24	0.12	4	0.6	0.24	0.08	0	1	0.0	0	1	1	1.25	1	0.665	1	1.25	1
115	240	Dbl Crop Soybeans/Oats	67	78	85	89	67	78	85	4	0.6	0.24	0.12	4	0.6	0.24	0.08	0	1	0.0	0	1	1	1.25	1	0.665	1	1.25	1
116	241	Dbl Crop Corn/Soybeans	67	78	85	89	67	78	85	4	0.6	0.24	0.12	4	0.6	0.24	0.08	0	1	0.0	0	1	1	1.25	1	0.665	1	1.25	1
117	242	Blueberries	67	78	85	89	67	78	85	4	0.6	0.24	0.12	4	0.6	0.24	0.08	0	1	0.0	0	1	1	1.25	1	0.665	1	1.25	1
118	243	Cabbage	67	78	85	89	67	78	85	4	0.6	0.24	0.12	4	0.6	0.24	0.08	0	1	0.0	0	1	1	1.25	1	0.665	1	1.25	1
119	244	Cauliflower	67	78	85	89	67	78	85	4	0.6	0.24	0.12	4	0.6	0.24	0.08	0	1	0.0	0	1	1	1.25	1	0.665	1	1.25	1
120	245	Celery	67	78	85	89	67	78	85	4	0.6	0.24	0.12	4	0.6	0.24	0.08	0	1	0.0	0	1	1	1.25	1	0.665	1	1.25	1
121	246	Radishes	67	78	85	89	67	78	85	4	0.6	0.24	0.12	4	0.6	0.24	0.08	0	1	0.0	0	1	1	1.25	1	0.665	1	1.25	1
122	247	Turnips	67	78	85	89	67	78	85	4	0.6	0.24	0.12	4	0.6	0.24	0.08	0	1	0.0	0	1	1	1.25	1	0.665	1	1.25	1
123	248	Eggplants	67	78	85	89	67	78	85	4	0.6	0.24	0.12	4	0.6	0.24	0.08	0	1	0.0	0	1	1	1.25	1	0.665	1	1.25	1
124	249	Gourds	67	78	85	89	67	78	85	4	0.6	0.24	0.12	4	0.6	0.24	0.08	0	1	0.0	0	1	1	1.25	1	0.665	1	1.25	1
125	250	Cranberries	67	78	85	89	67	78	85	4	0.6	0.24	0.12	4	0.6	0.24	0.08	0	1	0.0	0	1	1	1.25	1	0.665	1	1.25	1
126	254	Dbl Crop Barley/Soybeans	67	78	85	89	67	78	85	4	0.6	0.24	0.12	4	0.6	0.24	0.08	0	1	0.0	0	1	1	1.25	1	0.665	1	1.25	1
