	lu_code_2	description_2	lu_group	irrigation_table_notes	mean_plant_height	variable_rooting_depth	kcb_ini	kcb_mid	kcb_end	kcb_min	first_day_of_growing_season	last_day_of_growing_season	planting_date	planting_date__mmdd	l_ini	l_dev	l_mid	l_late	l_fallow	irrigation_length	na	minimum_fraction_vegetative_cover	rew_1	rew_2	rew_3	rew_4	rew_5	rew_6	rew_7	tew_1	tew_2	tew_3	tew_4	tew_5	tew_6	tew_7	depletion_fraction	gdd_base	gdd_max	mad	irrigation_start	irrigation_end	application_amount	fraction_irrigation_from_gw	application_scheme	irrigation_application_efficiency
0	1	Corn	0	81054	7.0	varying	0.15	1.15	0.5	0.1	139	275.0	125	05/04	30.0	35.0	40.0	45.0	1	125	DOY	0.0	0.12	0.23	0.31	0.35	0.12	0.23	0.31	0.28	0.6	0.86	0.94	0.28	0.6	0.86	0.55	50	130	0.55	05/04	10/01	0.5	1	field_capacity	1
1	2	Cotton	0	0	4.5	varying	0.15	1.1	0.5	0.1	135	316.0	121	04/30	30.0	50.0	60.0	55.0	1	195	DOY	0.0	0.12	0.23	0.31	0.35	0.12	0.23	0.31	0.28	0.6	0.86	0.94	0.28	0.6	0.86	0.65	60	130	0.65	04/30	11/11	0.0	1	field_capacity	1
2	3	Rice	0	0	3.3	varying	1.0	1.15	0.6	0.1	149	285.0	135	05/14	30.0	30.0	60.0	30.0	1	150	DOY	0.0	0.12	0.23	0.31	0.35	0.12	0.23	0.31	0.28	0.6	0.86	0.94	0.28	0.6	0.86	0.2	50	130	0.2	05/14	10/11	0.0	1	field_capacity	1
3	4	Sorghum	0	5	5.0	varying	0.15	1.0	0.35	0.1	144	255.0	130	05/09	20.0	35.0	40.0	30.0	1	125	DOY	0.0	0.12	0.23	0.31	0.35	0.12	0.23	0.31	0.28	0.6	0.86	0.94	0.28	0.6	0.86	0.55	50	130	0.55	05/09	09/11	0.0	1	field_capacity	1
4	5	Soybeans	0	46540	2.5	varying	0.15	1.1	0.3	0.1	144	280.0	130	05/09	20.0	30.0	80.0	20.0	1	135	DOY	0.0	0.12	0.23	0.31	0.35	0.12	0.23	0.31	0.28	0.6	0.86	0.94	0.28	0.6	0.86	0.5	50	130	0.5	05/09	10/06	0.5	1	field_capacity	1
5	6	Sunflower	0	48	7.0	varying	0.15	1.15	0.5	0.1	144	280.0	130	05/09	30.0	35.0	40.0	45.0	1	125	DOY	0.0	0.12	0.23	0.31	0.35	0.12	0.23	0.31	0.28	0.6	0.86	0.94	0.28	0.6	0.86	0.55	50	130	0.55	05/04	10/01	0.5	1	field_capacity	1
6	10	Peanuts	0	0	2.0	varying	0.15	1.1	0.5	0.1	149	275.0	135	05/14	35.0	35.0	35.0	35.0	1	140	DOY	0.0	0.12	0.23	0.31	0.35	0.12	0.23	0.31	0.28	0.6	0.86	0.94	0.28	0.6	0.86	0.5	50	130	0.5	05/14	10/01	0.5	1	field_capacity	1
7	11	Tobacco	0	0	4.5	varying	0.5	1.1	0.8	0.1	166	262.0	152	05/31	20.0	30.0	30.0	30.0	1	110	DOY	0.0	0.12	0.23	0.31	0.35	0.12	0.23	0.31	0.28	0.6	0.86	0.94	0.28	0.6	0.86	0.4	50	130	0.4	05/31	09/18	0.5	1	field_capacity	1
8	12	Sweet Corn	0	68	7.0	varying	0.15	1.15	0.5	0.1	139	275.0	125	05/04	30.0	35.0	40.0	45.0	1	125	DOY	0.0	0.12	0.23	0.31	0.35	0.12	0.23	0.31	0.28	0.6	0.86	0.94	0.28	0.6	0.86	0.5	50	130	0.5	05/04	10/01	0.5	1	field_capacity	1
9	13	Pop or Orn Corn	0	0	7.0	varying	0.15	1.15	0.5	0.1	139	275.0	125	05/04	30.0	35.0	40.0	45.0	1	125	DOY	0.0	0.12	0.23	0.31	0.35	0.12	0.23	0.31	0.28	0.6	0.86	0.94	0.28	0.6	0.86	0.55	50	130	0.55	05/04	10/01	0.5	1	field_capacity	1
10	14	Mint	0	0	1.0	varying	0.15	0.9	0.85	0.1	119	175.0	105	04/14	20.0	20.0	20.0	10.0	1	70	DOY	0.0	0.12	0.23	0.31	0.35	0.12	0.23	0.31	0.28	0.6	0.86	0.94	0.28	0.6	0.86	0.25	50	130	0.25	04/14	06/23	0.5	1	field_capacity	1
11	21	Barley	0	48	2.5	varying	0.15	1.1	0.3	0.1	129	230.0	115	04/24	20.0	25.0	50.0	20.0	1	135	DOY	0.0	0.12	0.23	0.31	0.35	0.12	0.23	0.31	0.28	0.6	0.86	0.94	0.28	0.6	0.86	0.5	50	130	0.5	05/09	10/06	0.5	1	field_capacity	1
12	22	Durham Wheat	0	0	2.5	varying	0.15	1.1	0.3	0.1	134	240.0	120	04/29	20.0	20.0	60.0	20.0	1	135	DOY	0.0	0.12	0.23	0.31	0.35	0.12	0.23	0.31	0.28	0.6	0.86	0.94	0.28	0.6	0.86	0.5	50	130	0.5	05/09	10/06	0.5	1	field_capacity	1
13	23	Spring Wheat	0	6661	2.5	varying	0.15	1.1	0.3	0.1	134	240.0	120	04/29	20.0	20.0	60.0	20.0	1	135	DOY	0.0	0.12	0.23	0.31	0.35	0.12	0.23	0.31	0.28	0.6	0.86	0.94	0.28	0.6	0.86	0.5	50	130	0.5	05/09	10/06	0.5	1	field_capacity	1
14	24	Winter Wheat	0	14	2.5	varying	0.15	1.1	0.3	0.1	134	240.0	120	04/29	20.0	20.0	60.0	20.0	1	335	DOY	0.0	0.12	0.23	0.31	0.35	0.12	0.23	0.31	0.28	0.6	0.86	0.94	0.28	0.6	0.86	0.55	50	130	0.55	04/29	08/27	0.5	1	field_capacity	1
15	25	Other Small Grains	0	0	2.5	varying	0.15	1.1	0.3	0.1	144	280.0	130	05/09	20.0	30.0	80.0	20.0	1	135	DOY	0.0	0.12	0.23	0.31	0.35	0.12	0.23	0.31	0.28	0.6	0.86	0.94	0.28	0.6	0.86	0.5	50	130	0.5	05/09	10/06	0.5	1	field_capacity	1
16	26	Dbl Crop WinWht/Soybeans	0	0	2.5	varying	0.15	1.1	0.3	0.1	134	240.0	120	04/29	20.0	20.0	60.0	20.0	1	135	DOY	0.0	0.12	0.23	0.31	0.35	0.12	0.23	0.31	0.28	0.6	0.86	0.94	0.28	0.6	0.86	0.5	50	130	0.5	04/29	08/27	0.5	1	field_capacity	1
17	27	Rye	0	43	3.5	varying	0.15	1.1	0.15	0.1	124	230.0	110	04/19	20.0	20.0	60.0	20.0	1	125	DOY	0.0	0.12	0.23	0.31	0.35	0.12	0.23	0.31	0.28	0.6	0.86	0.94	0.28	0.6	0.86	0.6	50	130	0.6	04/19	08/17	0.5	1	field_capacity	1
18	28	Oats	0	18	3.5	varying	0.15	1.1	0.15	0.1	124	230.0	110	04/19	20.0	20.0	60.0	20.0	1	135	DOY	0.0	0.12	0.23	0.31	0.35	0.12	0.23	0.31	0.28	0.6	0.86	0.94	0.28	0.6	0.86	0.55	50	130	0.55	04/19	08/17	0.5	1	field_capacity	1
19	29	Millet	0	0	2.5	varying	0.15	1.1	0.3	0.1	144	280.0	130	05/09	20.0	30.0	80.0	20.0	1	135	DOY	0.0	0.12	0.23	0.31	0.35	0.12	0.23	0.31	0.28	0.6	0.86	0.94	0.28	0.6	0.86	0.5	50	130	0.5	05/09	10/06	0.5	1	field_capacity	1
20	30	Speltz	0	0	2.5	varying	0.15	1.1	0.3	0.1	144	280.0	130	05/09	20.0	30.0	80.0	20.0	1	135	DOY	0.0	0.12	0.23	0.31	0.35	0.12	0.23	0.31	0.28	0.6	0.86	0.94	0.28	0.6	0.86	0.5	50	130	0.5	05/09	10/06	0.5	1	field_capacity	1
21	31	Canola	0	45	2.5	varying	0.15	1.1	0.3	0.1	144	280.0	130	05/09	20.0	30.0	80.0	20.0	1	135	DOY	0.0	0.12	0.23	0.31	0.35	0.12	0.23	0.31	0.28	0.6	0.86	0.94	0.28	0.6	0.86	0.5	50	130	0.5	05/09	10/06	0.5	1	field_capacity	1
22	32	Flaxseed	0	1	2.5	varying	0.15	1.1	0.3	0.1	144	280.0	130	05/09	20.0	30.0	80.0	20.0	1	135	DOY	0.0	0.12	0.23	0.31	0.35	0.12	0.23	0.31	0.28	0.6	0.86	0.94	0.28	0.6	0.86	0.5	50	130	0.5	05/09	10/06	0.5	1	field_capacity	1
23	33	Safflower	0	0	2.5	varying	0.15	1.1	0.3	0.1	144	280.0	130	05/09	20.0	30.0	80.0	20.0	1	135	DOY	0.0	0.12	0.23	0.31	0.35	0.12	0.23	0.31	0.28	0.6	0.86	0.94	0.28	0.6	0.86	0.5	50	130	0.5	05/09	10/06	0.5	1	field_capacity	1
24	34	Rape Seed	0	0	2.5	varying	0.15	1.1	0.3	0.1	144	280.0	130	05/09	20.0	30.0	80.0	20.0	1	135	DOY	0.0	0.12	0.23	0.31	0.35	0.12	0.23	0.31	0.28	0.6	0.86	0.94	0.28	0.6	0.86	0.5	50	130	0.5	05/09	10/06	0.5	1	field_capacity	1
25	35	Mustard	0	0	2.5	varying	0.15	1.1	0.3	0.1	144	280.0	130	05/09	20.0	30.0	80.0	20.0	1	135	DOY	0.0	0.12	0.23	0.31	0.35	0.12	0.23	0.31	0.28	0.6	0.86	0.94	0.28	0.6	0.86	0.5	50	130	0.5	05/09	10/06	0.5	1	field_capacity	1
26	36	Alfalfa	0	5256	2.75	varying	0.3	1.15	1.1	0.1	134	255.0	120	04/29	30.0	25.0	60.0	20.0	1	140	DOY	0.0	0.12	0.23	0.31	0.35	0.12	0.23	0.31	0.28	0.6	0.86	0.94	0.28	0.6	0.86	0.55	50	130	0.55	04/29	09/11	0.5	1	field_capacity	1
27	37	Other Hay/Non Alfalfa	0	1817	2.75	varying	0.5	1.0	0.85	0.1	124	240.0	110	04/19	25.0	15.0	75.0	15.0	1	125	DOY	0.0	0.12	0.23	0.31	0.35	0.12	0.23	0.31	0.28	0.6	0.86	0.94	0.28	0.6	0.86	0.55	50	130	0.55	04/19	08/27	0.5	1	field_capacity	1
28	38	Camelina	0	0	2.5	varying	0.15	1.1	0.3	0.1	144	280.0	130	05/09	20.0	30.0	80.0	20.0	1	135	DOY	0.0	0.12	0.23	0.31	0.35	0.12	0.23	0.31	0.28	0.6	0.86	0.94	0.28	0.6	0.86	0.5	50	130	0.5	05/09	10/06	0.5	1	field_capacity	1
29	39	Buckwheat	0	1	2.5	varying	0.15	1.1	0.3	0.1	144	280.0	130	05/09	20.0	30.0	80.0	20.0	1	135	DOY	0.0	0.12	0.23	0.31	0.35	0.12	0.23	0.31	0.28	0.6	0.86	0.94	0.28	0.6	0.86	0.5	50	130	0.5	05/09	10/06	0.5	1	field_capacity	1
30	41	Sugarbeets	0	435	1.3	varying	0.15	1.1	0.25	0.1	149	270.0	135	05/14	15.0	20.0	70.0	30.0	1	110	DOY	0.0	0.12	0.23	0.31	0.35	0.12	0.23	0.31	0.28	0.6	0.86	0.94	0.28	0.6	0.86	0.45	50	130	0.45	05/14	08/17	0.5	1	field_capacity	1
31	42	Snap beans	0	572	1.3	varying	0.15	1.1	0.25	0.1	149	230.0	135	05/14	10.0	15.0	50.0	20.0	1	110	DOY	0.0	0.12	0.23	0.31	0.35	0.12	0.23	0.31	0.28	0.6	0.86	0.94	0.28	0.6	0.86	0.45	50	130	0.45	05/14	08/17	0.5	1	field_capacity	1
32	43	Potatoes	0	61	2.5	varying	0.15	1.1	0.65	0.1	134	250.0	120	04/29	25.0	30.0	65.0	10.0	1	130	DOY	0.0	0.12	0.23	0.31	0.35	0.12	0.23	0.31	0.28	0.6	0.86	0.94	0.28	0.6	0.86	0.35	50	130	0.35	04/29	09/06	0.5	1	field_capacity	1
33	44	Other Crops	0	46	1.5	varying	0.15	1.05	0.4	0.1	119	285.0	105	04/14	20.0	70.0	60.0	30.0	1	180	DOY	0.0	0.12	0.23	0.31	0.35	0.12	0.23	0.31	0.28	0.6	0.86	0.94	0.28	0.6	0.86	0.5	50	130	0.5	04/14	10/11	0.5	1	field_capacity	1
34	45	Sugarcane	0	0	8.0	varying	0.3	1.0	0.5	0.1	43600	43751.0	121	05/01	25.0	35.0	45.0	60.0	1	175	DOY	0.0	0.12	0.23	0.31	0.35	0.12	0.23	0.31	0.28	0.6	0.86	0.94	0.28	0.6	0.86	0.45	50	130	0.45	04/30	10/22	0.5	1	field_capacity	1
35	46	Sweet Potatoes	0	0	1.3	varying	0.15	1.1	0.25	0.1	149	230.0	135	05/14	10.0	15.0	50.0	20.0	1	110	DOY	0.0	0.12	0.23	0.31	0.35	0.12	0.23	0.31	0.28	0.6	0.86	0.94	0.28	0.6	0.86	0.45	50	130	0.45	05/14	08/17	0.5	1	field_capacity	1
36	47	Misc Vegs and Fruits	0	0	1.5	varying	0.15	1.05	0.4	0.1	119	285.0	105	04/14	20.0	70.0	60.0	30.0	1	180	DOY	0.0	0.12	0.23	0.31	0.35	0.12	0.23	0.31	0.28	0.6	0.86	0.94	0.28	0.6	0.86	0.5	50	130	0.5	04/14	10/11	0.5	1	field_capacity	1
37	48	Watermelons	0	0	2.5	varying	0.15	0.9	0.7	0.1	159	250.0	145	05/24	20.0	30.0	40.0	15.0	1	110	DOY	0.0	0.12	0.23	0.31	0.35	0.12	0.23	0.31	0.28	0.6	0.86	0.94	0.28	0.6	0.86	0.4	50	130	0.4	05/24	09/06	0.5	1	field_capacity	1
38	49	Onions	0	0	1.35	varying	0.15	0.95	0.85	0.1	119	255.0	105	04/14	15.0	25.0	70.0	40.0	1	150	DOY	0.0	0.12	0.23	0.31	0.35	0.12	0.23	0.31	0.28	0.6	0.86	0.94	0.28	0.6	0.86	0.3	50	130	0.3	04/14	09/11	0.5	1	field_capacity	1
39	50	Cucumbers	0	0	2.5	varying	0.15	0.9	0.7	0.1	159	250.0	145	05/24	20.0	30.0	40.0	15.0	1	105	DOY	0.0	0.12	0.23	0.31	0.35	0.12	0.23	0.31	0.28	0.6	0.86	0.94	0.28	0.6	0.86	0.5	50	130	0.5	05/24	09/06	0.5	1	field_capacity	1
40	51	Chick Peas	0	0	2.5	varying	0.15	1.1	0.3	0.1	144	280.0	130	05/09	20.0	30.0	80.0	20.0	1	135	DOY	0.0	0.12	0.23	0.31	0.35	0.12	0.23	0.31	0.28	0.6	0.86	0.94	0.28	0.6	0.86	0.5	50	130	0.5	05/09	10/06	0.5	1	field_capacity	1
41	52	Lentils	0	0	2.5	varying	0.15	1.1	0.3	0.1	144	280.0	130	05/09	20.0	30.0	80.0	20.0	1	135	DOY	0.0	0.12	0.23	0.31	0.35	0.12	0.23	0.31	0.28	0.6	0.86	0.94	0.28	0.6	0.86	0.5	50	130	0.5	05/09	10/06	0.5	1	field_capacity	1
42	53	Peas	0	7	2.5	varying	0.15	1.1	0.7	0.1	119	205.0	105	04/14	20.0	30.0	35.0	15.0	1	100	DOY	0.0	0.12	0.23	0.31	0.35	0.12	0.23	0.31	0.28	0.6	0.86	0.94	0.28	0.6	0.86	0.35	50	130	0.35	04/14	07/23	0.5	1	field_capacity	1
43	54	Tomatoes	0	0	4.0	varying	0.15	1.1	0.7	0.1	149	280.0	135	05/14	30.0	40.0	45.0	30.0	1	145	DOY	0.0	0.12	0.23	0.31	0.35	0.12	0.23	0.31	0.28	0.6	0.86	0.94	0.28	0.6	0.86	0.4	50	130	0.4	05/14	10/06	0.5	1	field_capacity	1
44	55	Caneberries	0	0	4.0	varying	0.15	1.1	0.7	0.1	149	280.0	135	05/14	30.0	40.0	45.0	30.0	1	145	DOY	0.0	0.12	0.23	0.31	0.35	0.12	0.23	0.31	0.28	0.6	0.86	0.94	0.28	0.6	0.86	0.4	50	130	0.4	05/14	10/06	0.5	1	field_capacity	1
45	56	Hops	0	0	10.0	varying	0.15	1.0	0.8	0.1	119	260.0	105	04/14	25.0	40.0	80.0	10.0	1	155	DOY	0.0	0.12	0.23	0.31	0.35	0.12	0.23	0.31	0.28	0.6	0.86	0.94	0.28	0.6	0.86	0.5	50	130	0.5	04/14	09/16	0.5	1	field_capacity	1
46	57	Herbs	0	3	1.5	varying	0.15	0.95	0.9	0.1	119	175.0	105	04/14	20.0	20.0	20.0	10.0	1	70	DOY	0.0	0.12	0.23	0.31	0.35	0.12	0.23	0.31	0.28	0.6	0.86	0.94	0.28	0.6	0.86	0.25	50	130	0.25	04/14	06/23	0.0	1	field_capacity	1
47	58	Clover/Wildflowers	0	11	0.7	varying	0.35	0.85	0.75	0.1	109	205.0	95	04/04	10.0	20.0	60.0	20.0	1	90	DOY	0.0	0.12	0.23	0.31	0.35	0.12	0.23	0.31	0.28	0.6	0.86	0.94	0.28	0.6	0.86	0.5	50	130	0.5	04/04	07/23	0.0	1	none	1
48	59	Sod/Grass Seed	0	150	0.7	varying	0.35	0.85	0.75	0.1	109	205.0	95	04/04	10.0	20.0	60.0	20.0	1	90	DOY	0.7	0.12	0.23	0.31	0.35	0.12	0.23	0.31	0.28	0.6	0.86	0.94	0.28	0.6	0.86	0.45	50	130	0.45	04/04	07/23	0.0	1	field_capacity	1
49	60	Switchgrass	0	0	6.0	varying	0.3	1.1	1.05	0.1	105	166.0	91	03/31	25.0	25.0	15.0	10.0	1	75	DOY	0.7	0.12	0.23	0.31	0.35	0.12	0.23	0.31	0.28	0.6	0.86	0.94	0.28	0.6	0.86	0.55	50	130	0.55	03/31	06/14	0.0	1	none	1
50	61	Fallow / Idle	0	600	0.5	varying	1.0	0.5	0.15	0.1	105	301.0	91	03/31	20.0	70.0	90.0	30.0	1	210	DOY	0.0	0.12	0.23	0.31	0.35	0.12	0.23	0.31	0.28	0.6	0.86	0.94	0.28	0.6	0.86	0.5	50	130	0.5	03/31	10/27	0.0	1	field_capacity	1
51	66	Cherries	frttr	0	15.0	varying	0.75	1.15	0.8	0.1	134	290.0	120	04/29	20.0	20.0	100.0	30.0	1	210	DOY	0.7	0.12	0.23	0.31	0.35	0.12	0.23	0.31	0.28	0.6	0.86	0.94	0.28	0.6	0.86	0.5	50	130	0.5	04/29	10/16	0.0	1	field_capacity	1
52	67	Peaches	frttr	0	15.0	varying	0.75	1.15	0.8	0.1	134	290.0	120	04/29	20.0	20.0	100.0	30.0	1	210	DOY	0.7	0.12	0.23	0.31	0.35	0.12	0.23	0.31	0.28	0.6	0.86	0.94	0.28	0.6	0.86	0.5	50	130	0.5	04/29	10/16	0.0	1	field_capacity	1
53	68	Apples	frttr	0	15.0	varying	0.75	1.15	0.8	0.1	134	290.0	120	04/29	20.0	20.0	100.0	30.0	1	210	DOY	0.7	0.12	0.23	0.31	0.35	0.12	0.23	0.31	0.28	0.6	0.86	0.94	0.28	0.6	0.86	0.5	50	130	0.5	04/29	10/16	0.0	1	field_capacity	1
54	69	Grapes	frttr	0	5.0	varying	0.15	0.65	0.4	0.1	105	271.0	91	03/31	20.0	50.0	90.0	20.0	1	180	DOY	0.0	0.12	0.23	0.31	0.35	0.12	0.23	0.31	0.28	0.6	0.86	0.94	0.28	0.6	0.86	0.35	50	130	0.35	03/31	09/27	0.0	1	field_capacity	1
55	70	Christmas Trees	xmastr	6	8.0	varying	0.95	0.95	0.95	0.2	88	284.0	74	03/14	20.0	70.0	90.0	30.0	1	210	DOY	0.7	0.12	0.23	0.31	0.35	0.12	0.23	0.31	0.28	0.6	0.86	0.94	0.28	0.6	0.86	0.7	50	130	0.7	03/14	10/10	0.0	1	field_capacity	1
56	71	Other Tree Crops	frttr	0	25.0	varying	0.95	0.95	0.95	0.1	88	284.0	74	03/14	20.0	70.0	90.0	30.0	1	210	DOY	0.7	0.12	0.23	0.31	0.35	0.12	0.23	0.31	0.28	0.6	0.86	0.94	0.28	0.6	0.86	0.5	50	130	0.5	03/14	10/10	0.0	1	field_capacity	1
57	72	Citrus	frttr	0	30.0	varying	0.4	1.05	0.6	0.1	105	281.0	91	03/31	20.0	10.0	130.0	30.0	1	190	DOY	0.0	0.12	0.23	0.31	0.35	0.12	0.23	0.31	0.28	0.6	0.86	0.94	0.28	0.6	0.86	0.5	50	130	0.5	03/31	10/07	0.0	1	field_capacity	1
58	74	Pecans	frttr	0	30.0	varying	0.4	1.05	0.6	0.1	105	281.0	91	03/31	20.0	10.0	130.0	30.0	1	190	DOY	0.0	0.12	0.23	0.31	0.35	0.12	0.23	0.31	0.28	0.6	0.86	0.94	0.28	0.6	0.86	0.5	50	130	0.5	03/31	10/07	0.0	1	field_capacity	1
59	75	Almonds	frttr	0	30.0	varying	0.4	1.05	0.6	0.1	105	281.0	91	03/31	20.0	10.0	130.0	30.0	1	190	DOY	0.0	0.12	0.23	0.31	0.35	0.12	0.23	0.31	0.28	0.6	0.86	0.94	0.28	0.6	0.86	0.5	50	130	0.5	03/31	10/07	0.0	1	field_capacity	1
60	76	Walnuts	frttr	0	30.0	varying	0.4	1.05	0.6	0.1	105	281.0	91	03/31	20.0	10.0	130.0	30.0	1	190	DOY	0.0	0.12	0.23	0.31	0.35	0.12	0.23	0.31	0.28	0.6	0.86	0.94	0.28	0.6	0.86	0.5	50	130	0.5	03/31	10/07	0.0	1	field_capacity	1
61	77	Pears	frttr	0	15.0	varying	0.75	1.15	0.8	0.1	134	290.0	120	04/29	20.0	20.0	100.0	30.0	1	210	DOY	0.0	0.12	0.23	0.31	0.35	0.12	0.23	0.31	0.28	0.6	0.86	0.94	0.28	0.6	0.86	0.5	50	130	0.5	04/29	10/16	0.0	1	field_capacity	1
62	87	wetland	0	0	3.0	varying	0.3	1.2	0.3	0.1	135	261.0	121	04/30	10.0	30.0	80.0	20.0	1	140	DOY	0.0	0.12	0.23	0.31	0.35	0.12	0.23	0.31	0.28	0.6	0.86	0.94	0.28	0.6	0.86	0.5	50	130	0.5	04/30	09/17	0.0	1	none	1
63	92	Aquaculture	0	0	1.0	varying	0.15	1.0	0.5	0.1	105	301.0	91	03/31	20.0	70.0	90.0	30.0	1	210	DOY	0.0	0.12	0.23	0.31	0.35	0.12	0.23	0.31	0.28	0.6	0.86	0.94	0.28	0.6	0.86	1.0	50	130	1.0	03/31	10/27	0.0	1	field_capacity	1
64	111	OPEN WATER	0	16598	1.0	varying	1.0	1.0	1.0	1.0	105	301.0	91	03/31	20.0	70.0	90.0	30.0	1	210	DOY	0.0	0.12	0.23	0.31	0.35	0.12	0.23	0.31	0.28	0.6	0.86	0.94	0.28	0.6	0.86	1.0	50	130	1.0	03/31	10/27	0.0	1	none	1
65	121	Developed, Open Space	0	8860	8.0	constant	0.2	1.0	0.4	0.1	105	301.0	91	03/31	20.0	20.0	140.0	30.0	1	210	DOY	0.9	0.12	0.23	0.31	0.35	0.12	0.23	0.31	0.28	0.6	0.86	0.94	0.28	0.6	0.86	0.45	50	130	0.45	03/31	10/27	0.0	1	none	1
66	122	Developed, Low Intensity	0	3111	8.0	constant	0.2	1.0	0.4	0.1	105	301.0	91	03/31	20.0	20.0	140.0	30.0	1	210	DOY	0.9	0.12	0.23	0.31	0.35	0.12	0.23	0.31	0.28	0.6	0.86	0.94	0.28	0.6	0.86	0.5	50	130	0.5	03/31	10/27	0.0	1	none	1
67	123	Developed, Medium Intensity	0	1555	8.0	constant	0.2	0.95	0.3	0.05	105	301.0	91	03/31	20.0	20.0	140.0	30.0	1	210	DOY	0.9	0.12	0.23	0.31	0.35	0.12	0.23	0.31	0.28	0.6	0.86	0.94	0.28	0.6	0.86	0.5	50	130	0.5	03/31	10/27	0.0	1	none	1
68	124	Developed, High Intensity	0	473	8.0	constant	0.2	0.5	0.25	0.05	105	301.0	91	03/31	20.0	20.0	140.0	30.0	1	210	DOY	0.5	0.12	0.23	0.31	0.35	0.12	0.23	0.31	0.28	0.6	0.86	0.94	0.28	0.6	0.86	0.5	50	130	0.5	03/31	10/27	0.0	1	none	1
69	131	Barren Land	0	445	0.3	constant	0.2	0.35	0.175	0.05	105	301.0	91	03/31	20.0	70.0	90.0	30.0	1	210	DOY	0.0	0.12	0.23	0.31	0.35	0.12	0.23	0.31	0.28	0.6	0.86	0.94	0.28	0.6	0.86	0.5	50	130	0.5	03/31	10/27	0.0	1	none	1
70	141	deciduous forest	0	66028	30.0	constant	0.11	1.0	0.475	0.1	105	301.0	91	03/31	20.0	40.0	120.0	30.0	1	210	DOY	0.9	0.12	0.23	0.31	0.35	0.12	0.23	0.31	0.28	0.6	0.86	0.94	0.28	0.6	0.86	0.5	50	130	0.5	03/31	10/27	0.0	1	none	1
71	142	Evergreen forest	0	5017	35.0	constant	0.08	1.0	0.45	0.1	105	301.0	91	03/31	20.0	40.0	120.0	30.0	1	210	DOY	0.8	0.12	0.23	0.31	0.35	0.12	0.23	0.31	0.28	0.6	0.86	0.94	0.28	0.6	0.86	0.7	50	130	0.7	03/31	10/27	0.0	1	none	1
72	143	Mixed forest	0	15000	32.0	constant	0.1	1.0	0.475	0.1	105	301.0	91	03/31	20.0	40.0	120.0	30.0	1	210	DOY	0.8	0.12	0.23	0.31	0.35	0.12	0.23	0.31	0.28	0.6	0.86	0.94	0.28	0.6	0.86	0.6	50	130	0.6	03/31	10/27	0.0	1	none	1
73	151	Dwarf Scrub	0	0	3.5	constant	0.15	0.89	0.65	0.1	105	181.0	91	03/31	10.0	20.0	40.0	20.0	1	90	DOY	0.7	0.12	0.23	0.31	0.35	0.12	0.23	0.31	0.28	0.6	0.86	0.94	0.28	0.6	0.86	0.5	50	130	0.5	03/31	06/29	0.0	1	none	1
74	152	Shrub/Scrub	0	896	3.5	constant	0.15	0.89	0.65	0.1	105	181.0	91	03/31	10.0	20.0	40.0	20.0	1	90	DOY	0.7	0.12	0.23	0.31	0.35	0.12	0.23	0.31	0.28	0.6	0.86	0.94	0.28	0.6	0.86	0.5	50	130	0.5	03/31	06/29	0.0	1	none	1
75	171	Grassland/Herbaceous (arid)	0	0	0.7	constant	0.35	0.85	0.75	0.1	109	205.0	95	04/04	10.0	20.0	60.0	20.0	1	90	DOY	0.6	0.12	0.23	0.31	0.35	0.12	0.23	0.31	0.28	0.6	0.86	0.94	0.28	0.6	0.86	0.6	50	130	0.6	04/04	09/11	0.0	1	field_capacity	1
76	176	Grass/Pasture	0	22526	0.7	constant	0.35	0.85	0.75	0.1	109	255.0	95	04/04	10.0	20.0	110.0	20.0	1	90	DOY	0.8	0.12	0.23	0.31	0.35	0.12	0.23	0.31	0.28	0.6	0.86	0.94	0.28	0.6	0.86	0.6	50	130	0.6	04/04	09/11	0.0	1	field_capacity	1
77	181	Pasture/Hay (fair)	0	0	0.7	constant	0.35	0.85	0.75	0.1	109	205.0	95	04/04	10.0	20.0	60.0	20.0	1	90	DOY	0.9	0.12	0.23	0.31	0.35	0.12	0.23	0.31	0.28	0.6	0.86	0.94	0.28	0.6	0.86	0.6	50	130	0.6	04/04	09/11	0.0	1	field_capacity	1
78	182	Cultivated Crops (SR+CR poor)	0	0	2.5	varying	0.15	1.1	0.3	0.1	144	280.0	130	05/09	20.0	30.0	80.0	20.0	1	135	DOY	0.0	0.12	0.23	0.31	0.35	0.12	0.23	0.31	0.28	0.6	0.86	0.94	0.28	0.6	0.86	0.5	50	130	0.5	05/09	10/06	0.0	1	field_capacity	1
79	190	Woody wetlands	0	49859	30.0	constant	0.3	1.2	0.3	0.1	135	261.0	121	04/30	10.0	30.0	80.0	20.0	1	140	DOY	0.9	0.12	0.23	0.31	0.35	0.12	0.23	0.31	0.28	0.6	0.86	0.94	0.28	0.6	0.86	0.5	50	130	0.5	04/30	09/17	0.0	1	none	1
80	195	Emergent Herbaceous wetlands	0	21737	3.0	constant	0.3	1.2	0.3	0.1	135	261.0	121	04/30	10.0	30.0	80.0	20.0	1	140	DOY	0.9	0.12	0.23	0.31	0.35	0.12	0.23	0.31	0.28	0.6	0.86	0.94	0.28	0.6	0.86	0.5	50	130	0.5	04/30	09/17	0.0	1	none	1
81	204	Pistachios	frttr	0	30.0	varying	0.4	1.05	0.6	0.1	105	281.0	91	03/31	20.0	10.0	130.0	30.0	1	190	DOY	0.0	0.12	0.23	0.31	0.35	0.12	0.23	0.31	0.28	0.6	0.86	0.94	0.28	0.6	0.86	0.5	50	130	0.5	03/31	10/07	0.0	1	field_capacity	1
82	205	Triticale	0	0	2.5	varying	0.15	1.1	0.3	0.1	144	280.0	130	05/09	20.0	30.0	80.0	20.0	1	135	DOY	0.0	0.12	0.23	0.31	0.35	0.12	0.23	0.31	0.28	0.6	0.86	0.94	0.28	0.6	0.86	0.5	50	130	0.5	05/09	10/06	0.0	1	field_capacity	1
83	206	Carrots	0	0	1.3	varying	0.15	1.1	0.25	0.1	149	230.0	135	05/14	10.0	15.0	50.0	20.0	1	110	DOY	0.0	0.12	0.23	0.31	0.35	0.12	0.23	0.31	0.28	0.6	0.86	0.94	0.28	0.6	0.86	0.45	50	130	0.45	05/14	08/17	0.0	1	field_capacity	1
84	207	Asparagus	0	0	3.5	varying	0.15	0.9	0.2	0.1	105	321.0	91	03/31	50.0	30.0	100.0	50.0	1	230	DOY	0.0	0.12	0.23	0.31	0.35	0.12	0.23	0.31	0.28	0.6	0.86	0.94	0.28	0.6	0.86	0.45	50	130	0.45	03/31	11/16	0.0	1	field_capacity	1
85	208	Garlic	0	0	4.0	varying	0.15	1.1	0.7	0.1	149	280.0	135	05/14	30.0	40.0	45.0	30.0	1	145	DOY	0.0	0.12	0.23	0.31	0.35	0.12	0.23	0.31	0.28	0.6	0.86	0.94	0.28	0.6	0.86	0.4	50	130	0.4	05/14	10/06	0.0	1	field_capacity	1
86	209	Cantaloupes	0	0	2.5	varying	0.15	0.9	0.7	0.1	159	265.0	145	05/24	25.0	35.0	40.0	20.0	1	120	DOY	0.0	0.12	0.23	0.31	0.35	0.12	0.23	0.31	0.28	0.6	0.86	0.94	0.28	0.6	0.86	0.4	50	130	0.4	05/24	09/21	0.0	1	field_capacity	1
87	210	Prunes	frttr	0	30.0	varying	0.4	1.05	0.6	0.1	105	281.0	91	03/31	20.0	10.0	130.0	30.0	1	190	DOY	0.0	0.12	0.23	0.31	0.35	0.12	0.23	0.31	0.28	0.6	0.86	0.94	0.28	0.6	0.86	0.5	50	130	0.5	03/31	10/07	0.0	1	field_capacity	1
88	211	Olives	frttr	0	30.0	varying	0.4	1.05	0.6	0.1	105	281.0	91	03/31	20.0	10.0	130.0	30.0	1	190	DOY	0.0	0.12	0.23	0.31	0.35	0.12	0.23	0.31	0.28	0.6	0.86	0.94	0.28	0.6	0.86	0.5	50	130	0.5	03/31	10/07	0.0	1	field_capacity	1
89	212	Oranges	frttr	0	30.0	varying	0.4	1.05	0.6	0.1	105	281.0	91	03/31	20.0	10.0	130.0	30.0	1	190	DOY	0.0	0.12	0.23	0.31	0.35	0.12	0.23	0.31	0.28	0.6	0.86	0.94	0.28	0.6	0.86	0.5	50	130	0.5	03/31	10/07	0.0	1	field_capacity	1
90	213	Honeydew Melons	0	0	2.5	varying	0.15	0.9	0.7	0.1	159	250.0	145	05/24	20.0	30.0	40.0	15.0	1	90	DOY	0.0	0.12	0.23	0.31	0.35	0.12	0.23	0.31	0.28	0.6	0.86	0.94	0.28	0.6	0.86	0.5	50	130	0.5	05/24	09/06	0.0	1	field_capacity	1
91	214	Broccoli	0	0	1.5	varying	0.15	0.95	0.85	0.1	135	286.0	121	04/30	40.0	60.0	50.0	15.0	1	165	DOY	0.0	0.12	0.23	0.31	0.35	0.12	0.23	0.31	0.28	0.6	0.86	0.94	0.28	0.6	0.86	0.45	50	130	0.45	04/30	10/12	0.0	1	field_capacity	1
92	216	Peppers	0	0	4.0	varying	0.15	1.1	0.7	0.1	149	280.0	135	05/14	30.0	40.0	45.0	30.0	1	145	DOY	0.0	0.12	0.23	0.31	0.35	0.12	0.23	0.31	0.28	0.6	0.86	0.94	0.28	0.6	0.86	0.3	50	130	0.3	05/14	10/06	0.0	1	field_capacity	1
93	217	Pomegranates	frttr	0	30.0	varying	0.4	1.05	0.6	0.1	105	281.0	91	03/31	20.0	10.0	130.0	30.0	1	190	DOY	0.0	0.12	0.23	0.31	0.35	0.12	0.23	0.31	0.28	0.6	0.86	0.94	0.28	0.6	0.86	0.5	50	130	0.5	03/31	10/07	0.0	1	field_capacity	1
94	218	Nectarines	frttr	0	15.0	varying	0.75	1.15	0.8	0.1	134	290.0	120	04/29	20.0	20.0	100.0	30.0	1	210	DOY	0.0	0.12	0.23	0.31	0.35	0.12	0.23	0.31	0.28	0.6	0.86	0.94	0.28	0.6	0.86	0.5	50	130	0.5	04/29	10/16	0.0	1	field_capacity	1
95	219	Greens	0	0	1.0	varying	0.15	0.9	0.9	0.1	119	175.0	105	04/14	20.0	20.0	20.0	10.0	1	70	DOY	0.0	0.12	0.23	0.31	0.35	0.12	0.23	0.31	0.28	0.6	0.86	0.94	0.28	0.6	0.86	0.3	50	130	0.3	04/14	06/23	0.0	1	field_capacity	1
96	220	Plums	frttr	0	15.0	varying	0.75	1.1	0.8	0.1	105	301.0	91	03/31	20.0	70.0	90.0	30.0	1	210	DOY	0.0	0.12	0.23	0.31	0.35	0.12	0.23	0.31	0.28	0.6	0.86	0.94	0.28	0.6	0.86	0.5	50	130	0.5	03/31	10/27	0.0	1	field_capacity	1
97	221	Strawberries	0	0	1.3	varying	0.15	1.1	0.25	0.1	149	230.0	135	05/14	10.0	15.0	50.0	20.0	1	110	DOY	0.0	0.12	0.23	0.31	0.35	0.12	0.23	0.31	0.28	0.6	0.86	0.94	0.28	0.6	0.86	0.45	50	130	0.45	05/14	08/17	0.0	1	field_capacity	1
98	222	Squash	0	0	2.5	varying	0.15	0.9	0.7	0.1	159	250.0	145	05/24	20.0	30.0	40.0	15.0	1	90	DOY	0.0	0.12	0.23	0.31	0.35	0.12	0.23	0.31	0.28	0.6	0.86	0.94	0.28	0.6	0.86	0.5	50	130	0.5	05/24	09/06	0.0	1	field_capacity	1
99	223	Apricots	frttr	0	15.0	varying	0.75	1.15	0.8	0.1	134	290.0	120	04/29	20.0	20.0	100.0	30.0	1	210	DOY	0.0	0.12	0.23	0.31	0.35	0.12	0.23	0.31	0.28	0.6	0.86	0.94	0.28	0.6	0.86	0.5	50	130	0.5	04/29	10/16	0.0	1	field_capacity	1
100	224	Vetch	0	0	2.5	varying	0.15	1.1	0.3	0.1	144	280.0	130	05/09	20.0	30.0	80.0	20.0	1	135	DOY	0.0	0.12	0.23	0.31	0.35	0.12	0.23	0.31	0.28	0.6	0.86	0.94	0.28	0.6	0.86	0.5	50	130	0.5	05/09	10/06	0.0	1	field_capacity	1
101	225	Dbl Crop WinWht/Corn	0	0	5.0	varying	0.225	1.125	0.375	0.1	164	275.0	150	05/29	20.0	35.0	40.0	30.0	1	125	DOY	0.0	0.12	0.23	0.31	0.35	0.12	0.23	0.31	0.28	0.6	0.86	0.94	0.28	0.6	0.86	0.55	50	130	0.55	05/29	10/01	0.0	1	field_capacity	1
102	226	Dbl Crop Oats/Corn	0	0	7.0	varying	0.15	1.15	0.5	0.1	139	275.0	125	05/04	30.0	35.0	40.0	45.0	1	125	DOY	0.0	0.12	0.23	0.31	0.35	0.12	0.23	0.31	0.28	0.6	0.86	0.94	0.28	0.6	0.86	0.55	50	130	0.55	05/04	10/01	0.0	1	field_capacity	1
103	227	Lettuce	0	0	1.0	varying	0.15	0.9	0.9	0.1	119	175.0	105	04/14	20.0	20.0	20.0	10.0	1	70	DOY	0.0	0.12	0.23	0.31	0.35	0.12	0.23	0.31	0.28	0.6	0.86	0.94	0.28	0.6	0.86	0.3	50	130	0.3	04/14	06/23	0.0	1	field_capacity	1
104	229	Pumpkins	0	0	2.5	varying	0.15	0.9	0.7	0.1	159	250.0	145	05/24	20.0	30.0	40.0	15.0	1	120	DOY	0.0	0.12	0.23	0.31	0.35	0.12	0.23	0.31	0.28	0.6	0.86	0.94	0.28	0.6	0.86	0.35	50	130	0.35	05/24	09/06	0.0	1	field_capacity	1
105	230	Dbl Crop Lettuce/Durum Wht	0	0	2.5	varying	0.15	1.1	0.3	0.1	134	240.0	120	04/29	20.0	20.0	60.0	20.0	1	125	DOY	0.0	0.12	0.23	0.31	0.35	0.12	0.23	0.31	0.28	0.6	0.86	0.94	0.28	0.6	0.86	0.55	50	130	0.55	05/04	10/01	0.0	1	field_capacity	1
106	231	Dbl Crop Lettuce/Cantaloupe	0	0	1.0	varying	0.15	0.9	0.9	0.1	119	175.0	105	04/14	20.0	20.0	20.0	10.0	1	70	DOY	0.0	0.12	0.23	0.31	0.35	0.12	0.23	0.31	0.28	0.6	0.86	0.94	0.28	0.6	0.86	0.3	50	130	0.3	04/14	06/23	0.0	1	field_capacity	1
107	232	Dbl Crop Lettuce/Cotton	0	0	2.5	varying	0.15	1.1	0.3	0.1	144	280.0	130	05/09	20.0	30.0	80.0	20.0	1	135	DOY	0.0	0.12	0.23	0.31	0.35	0.12	0.23	0.31	0.28	0.6	0.86	0.94	0.28	0.6	0.86	0.5	50	130	0.5	05/09	10/06	0.0	1	field_capacity	1
108	233	Dbl Crop Lettuce/Barley	0	0	2.5	varying	0.15	1.1	0.3	0.1	144	280.0	130	05/09	20.0	30.0	80.0	20.0	1	135	DOY	0.0	0.12	0.23	0.31	0.35	0.12	0.23	0.31	0.28	0.6	0.86	0.94	0.28	0.6	0.86	0.5	50	130	0.5	05/09	10/06	0.0	1	field_capacity	1
109	234	Dbl Crop Durum Wht/Sorghum	0	0	2.5	varying	0.15	1.1	0.3	0.1	144	280.0	130	05/09	20.0	30.0	80.0	20.0	1	135	DOY	0.0	0.12	0.23	0.31	0.35	0.12	0.23	0.31	0.28	0.6	0.86	0.94	0.28	0.6	0.86	0.5	50	130	0.5	05/09	10/06	0.0	1	field_capacity	1
110	235	Dbl Crop Barley/Sorghum	0	0	2.5	varying	0.15	1.1	0.3	0.1	144	280.0	130	05/09	20.0	30.0	80.0	20.0	1	135	DOY	0.0	0.12	0.23	0.31	0.35	0.12	0.23	0.31	0.28	0.6	0.86	0.94	0.28	0.6	0.86	0.5	50	130	0.5	05/09	10/06	0.0	1	field_capacity	1
111	236	Dbl Crop WinWht/Sorghum	0	0	2.5	varying	0.15	1.1	0.3	0.1	144	280.0	130	05/09	20.0	30.0	80.0	20.0	1	135	DOY	0.0	0.12	0.23	0.31	0.35	0.12	0.23	0.31	0.28	0.6	0.86	0.94	0.28	0.6	0.86	0.5	50	130	0.5	05/09	10/06	0.0	1	field_capacity	1
112	237	Dbl Crop Barley/Corn	0	0	2.5	varying	0.15	1.1	0.3	0.1	144	280.0	130	05/09	20.0	30.0	80.0	20.0	1	135	DOY	0.0	0.12	0.23	0.31	0.35	0.12	0.23	0.31	0.28	0.6	0.86	0.94	0.28	0.6	0.86	0.5	50	130	0.5	05/09	10/06	0.0	1	field_capacity	1
113	238	Dbl Crop WinWht/Cotton	0	0	2.5	varying	0.15	1.1	0.3	0.1	144	280.0	130	05/09	20.0	30.0	80.0	20.0	1	135	DOY	0.0	0.12	0.23	0.31	0.35	0.12	0.23	0.31	0.28	0.6	0.86	0.94	0.28	0.6	0.86	0.5	50	130	0.5	05/09	10/06	0.0	1	field_capacity	1
114	239	Dbl Crop Soybeans/Cotton	0	0	2.5	varying	0.15	1.1	0.3	0.1	144	280.0	130	05/09	20.0	30.0	80.0	20.0	1	135	DOY	0.0	0.12	0.23	0.31	0.35	0.12	0.23	0.31	0.28	0.6	0.86	0.94	0.28	0.6	0.86	0.5	50	130	0.5	05/09	10/06	0.0	1	field_capacity	1
115	240	Dbl Crop Soybeans/Oats	0	0	2.5	varying	0.15	1.1	0.3	0.1	144	280.0	130	05/09	20.0	30.0	80.0	20.0	1	135	DOY	0.0	0.12	0.23	0.31	0.35	0.12	0.23	0.31	0.28	0.6	0.86	0.94	0.28	0.6	0.86	0.5	50	130	0.5	05/09	10/06	0.0	1	field_capacity	1
116	241	Dbl Crop Corn/Soybeans	0	0	2.5	varying	0.15	1.1	0.3	0.1	144	280.0	130	05/09	20.0	30.0	80.0	20.0	1	135	DOY	0.0	0.12	0.23	0.31	0.35	0.12	0.23	0.31	0.28	0.6	0.86	0.94	0.28	0.6	0.86	0.5	50	130	0.5	05/09	10/06	0.0	1	field_capacity	1
117	242	Blueberries	0	0	4.0	varying	0.2	1.0	0.4	0.1	119	210.0	105	04/14	20.0	20.0	60.0	5.0	1	105	DOY	0.0	0.12	0.23	0.31	0.35	0.12	0.23	0.31	0.28	0.6	0.86	0.94	0.28	0.6	0.86	0.5	50	130	0.5	04/14	07/28	0.0	1	field_capacity	1
118	243	Cabbage	0	0	1.5	varying	0.15	0.95	0.85	0.1	135	286.0	121	04/30	40.0	60.0	50.0	15.0	1	165	DOY	0.0	0.12	0.23	0.31	0.35	0.12	0.23	0.31	0.28	0.6	0.86	0.94	0.28	0.6	0.86	0.45	50	130	0.45	04/30	10/12	0.0	1	field_capacity	1
119	244	Cauliflower	0	0	1.5	varying	0.15	0.95	0.85	0.1	135	286.0	121	04/30	40.0	60.0	50.0	15.0	1	165	DOY	0.0	0.12	0.23	0.31	0.35	0.12	0.23	0.31	0.28	0.6	0.86	0.94	0.28	0.6	0.86	0.45	50	130	0.45	04/30	10/12	0.0	1	field_capacity	1
120	245	Celery	0	0	2.0	varying	0.15	0.95	0.9	0.1	135	246.0	121	04/30	25.0	40.0	45.0	15.0	1	125	DOY	0.0	0.12	0.23	0.31	0.35	0.12	0.23	0.31	0.28	0.6	0.86	0.94	0.28	0.6	0.86	0.2	50	130	0.2	04/30	09/02	0.0	1	field_capacity	1
121	246	Radishes	0	0	1.0	varying	0.15	0.9	0.9	0.1	119	175.0	105	04/14	20.0	20.0	20.0	10.0	1	70	DOY	0.0	0.12	0.23	0.31	0.35	0.12	0.23	0.31	0.28	0.6	0.86	0.94	0.28	0.6	0.86	0.3	50	130	0.3	04/14	06/23	0.0	1	field_capacity	1
122	247	Turnips	0	0	1.0	varying	0.15	1.0	0.85	0.1	149	225.0	135	05/14	25.0	30.0	25.0	10.0	1	90	DOY	0.0	0.12	0.23	0.31	0.35	0.12	0.23	0.31	0.28	0.6	0.86	0.94	0.28	0.6	0.86	0.5	50	130	0.5	05/14	08/12	0.0	1	field_capacity	1
123	248	Eggplants	0	0	4.0	varying	0.15	1.1	0.7	0.1	149	280.0	135	05/14	30.0	40.0	45.0	30.0	1	145	DOY	0.0	0.12	0.23	0.31	0.35	0.12	0.23	0.31	0.28	0.6	0.86	0.94	0.28	0.6	0.86	0.4	50	130	0.4	05/14	10/06	0.0	1	field_capacity	1
124	249	Gourds	0	0	1.5	varying	0.15	0.95	0.85	0.1	135	286.0	121	04/30	40.0	60.0	50.0	15.0	1	165	DOY	0.0	0.12	0.23	0.31	0.35	0.12	0.23	0.31	0.28	0.6	0.86	0.94	0.28	0.6	0.86	0.45	50	130	0.45	04/30	10/12	0.0	1	field_capacity	1
125	250	Cranberries	0	0	0.5	varying	0.15	1.05	0.525	0.1	135	261.0	121	04/30	10.0	30.0	80.0	20.0	1	165	DOY	0.0	0.12	0.23	0.31	0.35	0.12	0.23	0.31	0.28	0.6	0.86	0.94	0.28	0.6	0.86	0.5	50	130	0.5	06/15	09/01	0.0	1	field_capacity	1
126	254	Dbl Crop Barley/Soybeans	0	0	2.5	varying	0.15	1.1	0.3	0.1	135	282.3584	121	04/30	11.5256	34.5768	92.2048	23.0512	1	135	DOY	0.0	0.12	0.23	0.31	0.35	0.12	0.23	0.31	0.28	0.6	0.86	0.94	0.28	0.6	0.86	0.5	50	130	0.5	05/09	10/06	0.0	1	field_capacity	1
